                   122.125                   207.375
                   202.375                   207.125
                   100.125                   208.875
                   138.625                   211.625
                   189.375                   212.375
                   222.875                   208.625
                   162.625                   193.375
                   164.125                   222.125
                   163.375                   250.625
                   147.625                   258.875
                   179.125                   258.625
                   164.625                   262.375
                   162.375                   275.375
                   118.375                   279.875
                   205.125                   280.375
                   152.625                   274.625
                   171.625                   274.875
                   163.375                   295.125
                   162.875                   308.625
                   163.375                   342.125
                   109.875                   319.375
                   223.875                   309.125
                   109.125                   344.875
                   228.875                   336.875
                   166.125                   397.375
                   249.625                   258.875
                   278.625                   217.625
                   276.375                   185.125
                   260.125                   210.625
                    72.625                   254.875
                    39.375                   205.875
                    44.625                   184.875
                    60.625                   207.375
                   165.125                   149.375
                   166.375                    98.875
                    88.875                   112.625
                   242.625                   116.375
                    75.875                   155.875
                   252.125                   164.125
                    53.125                   106.875
          93.5441176470588                   58.6875
                   167.125                    14.875
          240.235294117647          60.6433823529411
          268.595588235294          111.496323529412
          60.2941176470588          377.496323529412
          268.595588235294          362.827205882353