                   117.875                   177.875
                   203.125                   178.125
                    99.875                   181.375
                   138.125                   182.625
                   184.375                   182.875
                   223.625                   183.625
                   160.875                   168.375
                   162.125                   200.125
                   164.125                   232.375
                   148.875                   241.875
                   176.875                   241.125
                   164.375                   245.625
                   164.625                   270.875
                   130.875                   273.125
                   197.125                   272.625
                   152.125                   266.625
                   172.875                   267.125
                   164.875                   278.125
                   165.625                   292.375
                   167.125                   343.875
                    93.125                   291.125
                   235.625                   288.875
                    93.375                   337.625
                   237.125                   320.625
                   170.625                   398.125
                   247.625                   239.375
                   270.375                   193.125
                   265.875                   167.875
                   256.875                   194.125
                    76.875                   245.125
                    51.125                   198.875
                    53.625                   178.375
                    65.875                   200.625
                   163.625                   121.875
                   165.625                    76.625
                    90.875                    91.625
                   235.625                    94.125
                    71.875                   139.125
                   246.625                   135.625
                    48.625          81.6249999999999
                    87.625                    34.875
                   158.375                    14.875
                   247.625                    38.875
                   269.375                    89.375
          40.7352941176471          352.069852941176
          288.154411764706          338.378676470588